header: 
  seq: 1
  stamp: 
    secs: 1487069121
    nsecs: 961469888
  frame_id: 0
height: 964
width: 1292
distortion_model: plumb_bob
D: [-0.0565406, 0.0717582, 0.0, 0.0, 0.0]
K: [1103.57, 0.905343, 645.852, 0.0, 1103.45, 482.714, 0.0, 0.0, 1.0]
R: [1.0, 0.0, 0.0, 0.0, 1.0, 0.0, 0.0, 0.0, 1.0]
P: [1103.51, 0.0, 646.0, 0.0, 0.0, 1103.51, 482.0, 0.0361161, 0.0, 0.0, 1.0, 0.0]
binning_x: 0
binning_y: 0
roi: 
  x_offset: 0
  y_offset: 0
  height: 0
  width: 0
  do_rectify: False

